jails: 
  end: 
    world: Unnamed_the_end
    x: 102.41302702159736
    y: 1.0
    z: 1144.7260404398496
    yaw: 19.753082
    pitch: 72.37644
