spawns: 
  default: 
    world: Unnamed
    x: -85.4348069289856
    y: 64.0
    z: 81.5346713126015
    yaw: 176.67946
    pitch: 90.0
