world: Unnamed
x: -833.8043695289891
y: 36.0
z: -328.8298264214941
yaw: 313.4308
pitch: 2.6138697
name: Mountainshire
lastowner: ea3925a1-e282-49dd-8655-43035dcc692d
