world: Unnamed
x: -77.19800774174632
y: 11.0
z: 125.2911881870337
yaw: -173.24725
pitch: 6.5999455
name: PublicMine
lastowner: ea3925a1-e282-49dd-8655-43035dcc692d
