world: Unnamed
x: -180.51478702337243
y: 227.0
z: 481.4287938867894
yaw: 185.78418
pitch: 79.349945
name: pvparena
lastowner: ea3925a1-e282-49dd-8655-43035dcc692d
