world: Unnamed
x: -103.98263994833302
y: 65.4375
z: 234.0167172128223
yaw: 359.38196
pitch: 86.72003
name: shop
lastowner: ea3925a1-e282-49dd-8655-43035dcc692d
