world: Unnamed
x: -85.2241197209085
y: 64.0
z: 81.69719897658138
yaw: 185.67944
pitch: 90.0
name: spawn
lastowner: ea3925a1-e282-49dd-8655-43035dcc692d
