world: Unnamed
x: 1122.8551491836188
y: 35.0
z: -913.464982565789
yaw: 274.97595
pitch: 68.54997
name: Stronghold
lastowner: ea3925a1-e282-49dd-8655-43035dcc692d
