lastAccountName: rxnx19
timestamps:
  login: 1616056202085
  jail: 0
  logout: 1616059408979
  lastteleport: 1616059399089
ipAddress: 80.254.91.21
lastlocation:
  world: Unnamed
  x: -266.1137703698314
  y: 63.0
  z: 331.38223977552974
  yaw: -58.339905
  pitch: 22.79999
jailed: false
logoutlocation:
  world: Unnamed
  x: -269.6424646406934
  y: 65.5625
  z: 270.8131760160538
  yaw: 195.90845
  pitch: 58.799946
homes:
  spider:
    world: Unnamed
    x: -4122.237500011921
    y: 55.0
    z: 322.46820573848913
    yaw: 261.09042
    pitch: -3.5999925
  home:
    world: Unnamed
    x: -268.8382193527243
    y: 65.5625
    z: 272.0222676477813
    yaw: 145.3584
    pitch: 64.49998
afk: false
