lastAccountName: ILuvMIlk
timestamps:
  login: 1616580764896
  logout: 1616580817019
ipAddress: 94.17.60.3
logoutlocation:
  world: Unnamed
  x: -94.83550142057
  y: 69.0
  z: 109.76803944187623
  yaw: 30.611736
  pitch: 12.749994
