lastAccountName: namrahnad
timestamps:
  login: 1616769046991
  lastteleport: 1616707738288
  logout: 1616769838458
ipAddress: 99.23.168.217
lastlocation:
  world: Unnamed
  x: -95.29672281341752
  y: 61.0
  z: 119.30127726183498
  yaw: 352.19202
  pitch: 17.254284
logoutlocation:
  world: Unnamed
  x: -434.53851464262175
  y: 63.5625
  z: 1226.2069215702554
  yaw: 324.0626
  pitch: 0.012621392
homes:
  home:
    world: Unnamed
    x: 7384.414462375754
    y: 63.0
    z: -4976.553682495153
    yaw: 53.812412
    pitch: 18.997267
  dc:
    world: Unnamed
    x: -6.43661618833794
    y: 30.0
    z: 261.16318840585564
    yaw: 45.104607
    pitch: 7.033556
afk: false
