lastAccountName: Gr_en
timestamps:
  login: 1615669445175
  lastteleport: 1615669397710
  logout: 1615670016782
ipAddress: 90.247.198.102
lastlocation:
  world: Unnamed
  x: 840.2636514101026
  y: 71.0
  z: 554.5382145558993
  yaw: -77.42632
  pitch: 30.521915
logoutlocation:
  world: Unnamed
  x: 848.8924730875614
  y: 72.0
  z: 541.9800518420574
  yaw: -132.21553
  pitch: 20.5148
