lastAccountName: Kiillerdoll
timestamps:
  login: 1616259062896
  lastteleport: 1616260955044
  logout: 1616262236634
ipAddress: 89.28.118.136
nickname: Ash
lastlocation:
  world: Unnamed
  x: -121.88063805839414
  y: 78.0
  z: 138.3559623598502
  yaw: 148.58109
  pitch: 58.80009
logoutlocation:
  world: Unnamed
  x: 917.6999999880791
  y: 66.875
  z: 567.370234506007
  yaw: 102.706055
  pitch: 64.50007
homes:
  villog:
    world: Unnamed
    x: 1048.1694977786708
    y: 76.0
    z: 155.69741815609368
    yaw: 314.20508
    pitch: 19.64995
  home:
    world: Unnamed
    x: 913.319158825493
    y: 65.0
    z: 565.8497457507304
    yaw: 295.30634
    pitch: 13.050056
afk: false
