lastAccountName: Medonator
timestamps:
  login: 1616259492494
  logout: 1616259704271
  jail: 0
  lastteleport: 1616259534322
ipAddress: 89.177.96.205
logoutlocation:
  world: Unnamed
  x: -245.27511358877447
  y: 70.0
  z: 339.5364285541041
  yaw: 185.57745
  pitch: 44.23552
lastlocation:
  world: Unnamed_the_end
  x: 101.91343207041851
  y: 1.0
  z: 1144.6216944315975
  yaw: -7.6768694
  pitch: 15.640019
jailed: false
afk: false
