lastAccountName: WitherKnight_
timestamps:
  login: 1616732298289
  logout: 1616732322348
  lastteleport: 1616628191046
ipAddress: 73.127.5.183
lastlocation:
  world: Unnamed_the_end
  x: -24.36852009661629
  y: 3.0
  z: -196.30000001192093
  yaw: 74.822754
  pitch: 31.7824
homes:
  home:
    world: Unnamed
    x: 17.656385512334236
    y: 35.0
    z: 240.4782327357301
    yaw: 271.9259
    pitch: 77.579056
logoutlocation:
  world: Unnamed
  x: -9.699999988079073
  y: 65.0
  z: 253.58023602796916
  yaw: 87.573235
  pitch: 86.65397
afk: false
