lastAccountName: Dutch______
timestamps:
  login: 1616406981672
  logout: 1616413156704
ipAddress: 108.202.110.152
lastlocation:
  world: Unnamed
  x: -95.51230590342593
  y: 61.0
  z: 123.63356117594819
  yaw: -0.4463501
  pitch: 28.7996
afk: false
homes:
  home:
    world: Unnamed
    x: 766.9013458165226
    y: 63.0
    z: 421.6516422705677
    yaw: -40.200516
    pitch: 42.750103
logoutlocation:
  world: Unnamed
  x: 761.912588398468
  y: 68.0
  z: 423.22572359293946
  yaw: -42.309814
  pitch: 44.549816
