lastAccountName: vi0lett_
timestamps:
  login: 1616481031593
  logout: 1616487431852
  lastteleport: 1616487029984
ipAddress: 89.28.118.136
logoutlocation:
  world: Unnamed
  x: -82.67048894029197
  y: 71.0
  z: 100.2581139420807
  yaw: 100.19939
  pitch: 51.300163
nickname: Ashy
homes:
  home:
    world: Unnamed
    x: 913.0770657717454
    y: 65.0
    z: 565.3000000119209
    yaw: 333.604
    pitch: 31.049963
  coral:
    world: Unnamed
    x: 5.765027035081461
    y: 62.0
    z: -6642.666642656412
    yaw: 223.84889
    pitch: 35.400124
afk: false
lastlocation:
  world: Unnamed
  x: 853.485051502375
  y: 63.0
  z: 453.3416248668086
  yaw: 338.24634
  pitch: 24.000244
