lastAccountName: QassataLoL
timestamps:
  login: 1616773464177
  logout: 1616778923095
  lastteleport: 1616777841078
  jail: 0
ipAddress: 46.11.184.240
lastlocation:
  world: Unnamed
  x: -23.105545239523895
  y: 73.0
  z: 272.71943448773965
  yaw: -279.21832
  pitch: 36.234898
logoutlocation:
  world: Unnamed
  x: -855.7965906605843
  y: 66.0
  z: -370.7361845951997
  yaw: -233.1654
  pitch: -12.005186
homes:
  cliff:
    world: Unnamed
    x: -819.1628462839222
    y: 96.0
    z: -201.58159564545835
    yaw: 268.03488
    pitch: 32.18346
  lol:
    world: Unnamed
    x: -557.9934375772178
    y: 74.0
    z: 1536.1624193559635
    yaw: -170.33643
    pitch: 38.594627
  jj:
    world: Unnamed
    x: -855.2068127357442
    y: 77.0
    z: -406.64332741455905
    yaw: 196.80507
    pitch: 5.421386
  rich:
    world: Unnamed
    x: -232.99533766586282
    y: 71.0
    z: -783.8837971652173
    yaw: 167.4357
    pitch: 29.731413
  shop:
    world: Unnamed
    x: -89.5
    y: 64.9375
    z: 296.5
    yaw: 284.39453
    pitch: 8.58675
afk: false
jailed: false
