lastAccountName: vacjan
timestamps:
  login: 1616263826753
  logout: 1616263856759
ipAddress: 109.81.211.211
logoutlocation:
  world: Unnamed
  x: -104.98943049139714
  y: 65.0
  z: 155.37375086514015
  yaw: 319.32043
  pitch: 0.41023842
