lastAccountName: MasterCookie1234
timestamps:
  login: 1616098840772
  logout: 1616099119732
ipAddress: 104.188.37.76
afk: false
logoutlocation:
  world: Unnamed
  x: 546.40930369948
  y: 75.0
  z: 800.1323230947501
  yaw: 354.14966
  pitch: 72.90005
