lastAccountName: Ondrakoke
timestamps:
  login: 1616276842615
  logout: 1616277218624
ipAddress: 83.240.125.25
logoutlocation:
  world: Unnamed
  x: -208.69999998807907
  y: 70.0
  z: -1513.300000011921
  yaw: -347.11487
  pitch: 25.80026
afk: false
