lastAccountName: ndriuPls
timestamps:
  login: 1615735398823
  lastteleport: 1615736488689
  logout: 1615736839117
  jail: 0
ipAddress: 80.254.91.21
lastlocation:
  world: Unnamed
  x: -620.7792525977126
  y: 64.0
  z: 1351.6269230069481
  yaw: 329.4109
  pitch: 8.400094
logoutlocation:
  world: Unnamed
  x: -627.2381984906691
  y: 67.0
  z: -727.31513868144
  yaw: -73.800354
  pitch: 26.700071
jailed: false
