lastAccountName: ArrowIsa
timestamps:
  login: 1616349059704
  lastteleport: 1616349070916
  logout: 1616349334536
  jail: 0
ipAddress: 80.254.92.68
lastlocation:
  world: Unnamed
  x: 2257.792194134247
  y: 67.0
  z: -2233.86043588474
  yaw: 169.93727
  pitch: 23.249594
logoutlocation:
  world: Unnamed
  x: 1562.3673182814384
  y: 73.0
  z: -2132.1400922601983
  yaw: 30.146746
  pitch: 69.74982
homes:
  home:
    world: Unnamed
    x: 1562.4161876949893
    y: 73.0
    z: -2130.4154994010473
    yaw: 84.3
    pitch: 26.249878
  village:
    world: Unnamed
    x: 2258.104154981223
    y: 67.0
    z: -2248.193693522704
    yaw: -6.119829
    pitch: 12.726482
  nether:
    world: Unnamed_nether
    x: 154.98807394968767
    y: 15.0
    z: -59.194637245203985
    yaw: -273.57715
    pitch: 26.25022
jailed: false
nickname: ArrOwO
afk: false
