lastAccountName: krownismonkey
timestamps:
  login: 1616588685551
  lastteleport: 1616589794738
  logout: 1616590214877
ipAddress: 92.251.60.85
lastlocation:
  world: Unnamed
  x: 266.74179768467343
  y: 67.0
  z: 19.145711737256867
  yaw: -170.16989
  pitch: 6.2212715
logoutlocation:
  world: Unnamed
  x: -113.23623925015744
  y: 72.0
  z: 111.8696883600399
  yaw: -10.518431
  pitch: 20.034336
