lastAccountName: FrancescoMifsud
timestamps:
  login: 1616780628446
  lastteleport: 1616780672577
  logout: 1616778783530
  jail: 0
ipAddress: 46.11.42.236
lastlocation:
  world: Unnamed
  x: -93.53101652928711
  y: 62.0
  z: 148.47712095296464
  yaw: -338.51834
  pitch: 14.549265
logoutlocation:
  world: Unnamed
  x: -142.18431796628306
  y: 77.0
  z: 155.76727654727028
  yaw: -191.06624
  pitch: 56.24964
mail:
- §6[§rCosmoChemistry§6] §rAdmin Apps have closed!
- §6[§rCosmoChemistry§6] §rPVP arena is now finished... You can go there via the /warp
  pvparena command
- §6[§rCosmoChemistry§6] §rUpdate 2.01 - Added multiple homes (Up till 3)- Removed
  /trigger home- Removed Clear-Lag feature that removes empty boats. (Still buggy)
jailed: false
homes:
  city:
    world: Unnamed
    x: -416.6790231529562
    y: 73.0
    z: 1456.7478415560938
    yaw: 262.05957
    pitch: 21.60002
  rods:
    world: Unnamed_nether
    x: -201.65959315799446
    y: 80.0
    z: 905.3000000119209
    yaw: -17.38982
    pitch: 29.248957
  cool:
    world: Unnamed
    x: -272.67355397818847
    y: 70.0
    z: -786.9383688374569
    yaw: -48.358765
    pitch: 20.700014
  xp:
    world: Unnamed
    x: -2976.156995995752
    y: 64.0
    z: 2501.5360464634973
    yaw: 269.99512
    pitch: 19.34929
afk: false
