lastAccountName: Case_1112
timestamps:
  login: 1616769895002
  logout: 1616775169222
  lastteleport: 1616774463141
  jail: 0
ipAddress: 66.31.157.188
logoutlocation:
  world: Unnamed
  x: -110.34162248058826
  y: 70.0
  z: 264.10241891574077
  yaw: 122.43472
  pitch: 36.150517
lastlocation:
  world: Unnamed
  x: -10.711926063008388
  y: 36.0
  z: 254.80979711770175
  yaw: 141.41995
  pitch: 44.59717
homes:
  xp:
    world: Unnamed
    x: 1436.146735696847
    y: 77.0
    z: -2520.1190315090835
    yaw: -152.21896
    pitch: 61.349575
  cave:
    world: Unnamed
    x: -1.3067622064240676
    y: 36.0
    z: 251.8557166212596
    yaw: 310.61914
    pitch: -1.9028919
  end:
    world: Unnamed_the_end
    x: -30.718968329638034
    y: 3.0
    z: -197.65046793818266
    yaw: -212.75116
    pitch: 17.26313
  shop:
    world: Unnamed
    x: -108.97315929892429
    y: 66.0
    z: 264.28142607872167
    yaw: 184.36023
    pitch: 19.650385
  ended:
    world: Unnamed_the_end
    x: 1555.699999988079
    y: 61.0
    z: -2914.300000011921
    yaw: -50.060616
    pitch: 10.929518
jailed: false
afk: false
money: '1000'
