lastAccountName: koderedd99
timestamps:
  login: 1616494749041
  logout: 1616494857850
ipAddress: 109.136.122.239
logoutlocation:
  world: Unnamed_nether
  x: 31.703673024126957
  y: 62.5
  z: -45.255517323222946
  yaw: -252.94429
  pitch: 59.399994
