lastAccountName: ADAXW
timestamps:
  login: 1616451954250
  logout: 1616452223900
ipAddress: 98.3.103.22
logoutlocation:
  world: Unnamed
  x: 194.76519375012703
  y: 62.0
  z: -648.2874378417329
  yaw: 301.1971
  pitch: 26.458838
