lastAccountName: borderline_
timestamps:
  login: 1616586944696
  logout: 1616588118121
  lastteleport: 1616587969776
ipAddress: 217.43.34.203
logoutlocation:
  world: Unnamed
  x: 842.2100151354525
  y: 63.0
  z: 451.5268314191031
  yaw: -98.552216
  pitch: -3.9000423
lastlocation:
  world: Unnamed
  x: -86.0
  y: 64.0
  z: 81.0
  yaw: -1.8000004
  pitch: 14.55
afk: false
homes:
  moon:
    world: Unnamed
    x: 792.5274403683828
    y: 211.0
    z: 414.6499487707532
    yaw: 89.84755
    pitch: 90.0
nickname: Andy
