lastAccountName: StarEnderNico
timestamps:
  login: 1615742147869
  lastteleport: 1615743372268
  logout: 1615744068285
ipAddress: 77.71.214.148
lastlocation:
  world: Unnamed
  x: -665.4413600666682
  y: 111.0
  z: -1964.340174033756
  yaw: -213.09233
  pitch: -73.34994
homes:
  home:
    world: Unnamed
    x: -675.280427141445
    y: 88.0
    z: -1958.9980176279046
    yaw: -354.41687
    pitch: 23.399513
  storage:
    world: Unnamed
    x: -520.5363187028222
    y: 62.0
    z: -486.0620718060657
    yaw: -267.47165
    pitch: 3.0723515
  desert:
    world: Unnamed
    x: -728.3867573522477
    y: 64.0
    z: 1599.8313563774816
    yaw: 8.426139
    pitch: 21.67446
  house:
    world: Unnamed
    x: -678.7885591750788
    y: 88.0
    z: -1964.8790587811034
    yaw: -107.96698
    pitch: 4.3495493
logoutlocation:
  world: Unnamed
  x: -710.7865913404264
  y: 102.0
  z: -1955.3181827834526
  yaw: -260.07153
  pitch: 40.500023
nickname: StarEnderNico
