lastAccountName: Octoppus
timestamps:
  login: 1616246856253
  logout: 1616246922914
ipAddress: 219.78.37.175
logoutlocation:
  world: Unnamed
  x: -97.30409290997582
  y: 66.0
  z: 264.8526302055627
  yaw: -166.94228
  pitch: 26.35346
