lastAccountName: br4nc3
timestamps:
  login: 1615899017446
  logout: 1615899395976
ipAddress: 78.59.6.168
logoutlocation:
  world: Unnamed
  x: -254.47525532776865
  y: 63.0
  z: 333.19760209396713
  yaw: 231.32147
  pitch: 23.55018
