lastAccountName: Dino_Ree
timestamps:
  login: 1616183491817
  logout: 1616183539667
ipAddress: 213.67.235.143
logoutlocation:
  world: Unnamed
  x: -87.07919235468745
  y: 65.0
  z: 91.69999998807907
  yaw: 32.204224
  pitch: -25.050823
