lastAccountName: Alpipanda
timestamps:
  login: 1616589778296
  logout: 1616590332224
  lastteleport: 1616524503475
ipAddress: 92.251.67.232
lastlocation:
  world: Unnamed
  x: -85.96687538379584
  y: 64.0
  z: 82.08048819013769
  yaw: -4.0096254
  pitch: 5.0377502
logoutlocation:
  world: Unnamed
  x: -107.79491608045933
  y: 67.0
  z: 155.3336129588936
  yaw: 62.49206
  pitch: 13.057725
