lastAccountName: ghadir
timestamps:
  login: 1616167847244
  lastteleport: 1616166825652
  logout: 1616167890656
ipAddress: 37.231.190.10
homes:
  home:
    world: Unnamed
    x: 838.6274500452863
    y: 63.9375
    z: 480.04216129369183
    yaw: -39.138622
    pitch: 9.749945
lastlocation:
  world: Unnamed
  x: 800.4553298633857
  y: 63.0
  z: 367.5935290373989
  yaw: 354.0151
  pitch: 7.490365
logoutlocation:
  world: Unnamed
  x: -257.47256025878266
  y: 63.0
  z: 332.0667651814357
  yaw: 293.5768
  pitch: 19.649704
