lastAccountName: Frondigo
timestamps:
  login: 1615732498455
  logout: 1615734087602
  lastteleport: 1615721583463
ipAddress: 188.47.157.52
logoutlocation:
  world: Unnamed
  x: 6106.672809492059
  y: 68.0
  z: 499.44544194349396
  yaw: 241.08015
  pitch: 29.194363
homes:
  home:
    world: Unnamed
    x: 6107.2881564506715
    y: 72.0
    z: 497.25077223484084
    yaw: 60.17821
    pitch: 33.579685
lastlocation:
  world: Unnamed
  x: 3808.3090184106804
  y: 68.0
  z: 1317.484981971405
  yaw: 16.93513
  pitch: 52.54081
