lastAccountName: skinneh
timestamps:
  login: 1616776871420
  lastteleport: 1616778124135
  logout: 1616778866458
ipAddress: 80.254.84.26
lastlocation:
  world: Unnamed
  x: -843.6010367266938
  y: 80.0
  z: -302.5888223275308
  yaw: -52.84551
  pitch: 86.84999
logoutlocation:
  world: Unnamed
  x: -112.55334302201521
  y: 58.0
  z: 97.69999998807907
  yaw: -168.61963
  pitch: 3.000338
