lastAccountName: kasterial
timestamps:
  login: 1616430598425
  lastteleport: 1616435554457
  logout: 1616437378584
ipAddress: 82.171.20.42
lastlocation:
  world: Unnamed
  x: 803.0922852958906
  y: 63.0
  z: 440.7681863895925
  yaw: 349.23416
  pitch: 10.69914
homes:
  home:
    world: Unnamed
    x: 856.6742126715952
    y: 63.0
    z: 413.7438176475549
    yaw: -248.67468
    pitch: 4.312861
logoutlocation:
  world: Unnamed
  x: 855.2375000119209
  y: 63.0
  z: 411.38253981038656
  yaw: -14.302756
  pitch: -3.1720502
afk: false
