lastAccountName: VioletWishh
timestamps:
  login: 1616446344369
  logout: 1616446899905
  lastteleport: 1616446719862
ipAddress: 84.68.84.184
logoutlocation:
  world: Unnamed
  x: 839.349613778273
  y: 75.0
  z: 554.6923258863295
  yaw: 357.4489
  pitch: 33.749874
lastlocation:
  world: Unnamed
  x: -97.3731903891426
  y: 64.0
  z: 149.98750001192093
  yaw: 248.52466
  pitch: 32.550034
