lastAccountName: Landersaki
timestamps:
  login: 1615561049908
  logout: 1615561307364
  lastteleport: 1615560404777
  jail: 0
ipAddress: 37.75.35.239
logoutlocation:
  world: Unnamed
  x: -262.30000001192093
  y: 5.0
  z: 352.72019952282426
  yaw: 186.89867
  pitch: 5.400166
nickname: Haxixu
lastlocation:
  world: Unnamed
  x: -255.10174229499637
  y: 9.5
  z: 352.376875340351
  yaw: 193.94885
  pitch: -33.00001
homes:
  home:
    world: Unnamed
    x: -244.22749641851874
    y: 70.0
    z: 344.9159586399778
    yaw: 141.44997
    pitch: 17.250002
  trident:
    world: Unnamed
    x: 1435.1266207340661
    y: 77.0
    z: -2519.005973173062
    yaw: 56.28894
    pitch: 9.599928
  grave:
    world: Unnamed
    x: 1428.5599415310564
    y: 200.5
    z: -2531.771047415128
    yaw: 308.45312
    pitch: -10.650132
  mine:
    world: Unnamed
    x: -230.5416939957918
    y: 34.0
    z: 265.6744101325942
    yaw: 184.80536
    pitch: 32.100147
money: '64.0'
jailed: false
