lastAccountName: Wexid
timestamps:
  login: 1616259759403
  logout: 1616259791882
ipAddress: 78.102.208.44
logoutlocation:
  world: Unnamed
  x: 49.054427393134176
  y: 73.0
  z: 413.96631166018733
  yaw: -230.34866
  pitch: 37.84394
afk: false
lastlocation:
  world: Unnamed
  x: -104.25299144276333
  y: 65.0
  z: 200.31042751143536
  yaw: 0.56911415
  pitch: 0.58507437
