lastAccountName: KingCreeperr
timestamps:
  login: 1616375603542
  logout: 1616375871770
  lastteleport: 1616368809395
ipAddress: 70.177.68.146
logoutlocation:
  world: Unnamed
  x: 62.78517041231805
  y: 67.0
  z: -1847.1668773430517
  yaw: -316.17294
  pitch: 43.6501
lastlocation:
  world: Unnamed
  x: 0.447921832299386
  y: 11.0
  z: -3020.8742586507515
  yaw: -355.5237
  pitch: 23.849888
homes:
  home:
    world: Unnamed
    x: 838.1552198671963
    y: 85.0
    z: -1659.4130803326952
    yaw: -263.0691
    pitch: 58.949837
afk: false
