lastAccountName: DawnOpal24
timestamps:
  login: 1615756335898
  logout: 1615760130486
ipAddress: 97.86.115.42
logoutlocation:
  world: Unnamed
  x: -125.98863842670333
  y: 68.24918707874468
  z: 107.07260712214698
  yaw: -114.64743
  pitch: 18.563488
lastlocation:
  world: Unnamed
  x: -147.27536549182582
  y: 72.0
  z: 351.722374439548
  yaw: 54.92047
  pitch: 8.072503
