lastAccountName: cooolzter
timestamps:
  login: 1616485096567
  lastteleport: 1616486486715
  logout: 1616486914468
ipAddress: 80.254.91.21
lastlocation:
  world: Unnamed
  x: -861.6945656737065
  y: 80.0
  z: -433.45767889501656
  yaw: 303.1665
  pitch: 18.900053
homes:
  home:
    world: Unnamed
    x: -851.3477191734379
    y: 72.0
    z: -453.99360640053004
    yaw: 174.01997
    pitch: 49.349815
logoutlocation:
  world: Unnamed
  x: -83.69292077248922
  y: 63.5
  z: 79.50739237683712
  yaw: 44.24998
  pitch: 4.049783
