lastAccountName: Cosmobutter
timestamps:
  login: 1616780625387
  lastteleport: 1616779468510
  logout: 0
  kits:
    firework: 1615142120071
    rules: 1616183521551
    dtools: 1615143420377
    tools: 1615142073832
ipAddress: 46.11.150.160
lastlocation:
  world: Unnamed
  x: 5634.870290317919
  y: 70.0
  z: -451.3670172235505
  yaw: -276.27914
  pitch: 25.365807
nickname: Cosmo
godmode: false
logoutlocation:
  world: Unnamed
  x: -851.6752505039167
  y: -1.7999999523162842
  z: -307.4010723396599
  yaw: 110.94665
  pitch: -59.850006
money: '5150.500'
homes:
  a:
    world: Unnamed
    x: -235.3424489434984
    y: 77.0
    z: -755.1437145981565
    yaw: 8.135376
    pitch: 35.00678
  f:
    world: Unnamed
    x: 1432.5272463996173
    y: 77.0
    z: -2516.4011056564996
    yaw: 61.60736
    pitch: 37.216183
  n:
    world: Unnamed
    x: -861.9118524232937
    y: 80.0
    z: -297.6040283612632
    yaw: 73.5052
    pitch: 26.84996
afk: false
confirm-pay: true
