lastAccountName: itzLuxz
timestamps:
  login: 1616634338229
  logout: 1616637725284
ipAddress: 71.203.157.6
logoutlocation:
  world: Unnamed
  x: 19.184587295940055
  y: 7.0
  z: 129.3945363069136
  yaw: 171.68091
  pitch: 16.477499
