lastAccountName: Lobiks
timestamps:
  login: 1616299576715
  logout: 1616299610274
  lastteleport: 1616255050285
  jail: 0
ipAddress: 71.233.21.243
logoutlocation:
  world: Unnamed
  x: -88.71078304708756
  y: 63.0
  z: 100.47882799083513
  yaw: 204.90018
  pitch: 25.349932
homes:
  home:
    world: Unnamed
    x: -583.4434930610925
    y: 63.0
    z: -1939.699999988079
    yaw: -281.53027
    pitch: 5.398822
lastlocation:
  world: Unnamed
  x: -128.4603468935902
  y: 76.68647839031931
  z: 149.40559323113308
  yaw: -284.93048
  pitch: 52.830647
afk: false
mail:
- §6[§rServer§6] §rHey everyone! Remember to vote
jailed: false
