lastAccountName: greyisgay
timestamps:
  login: 1616664822685
  lastteleport: 1616673126503
  logout: 1616673558440
ipAddress: 89.28.118.136
nickname: Ashy
lastlocation:
  world: Unnamed
  x: 913.6999999880791
  y: 65.0
  z: 567.8161098950536
  yaw: 64.77881
  pitch: 36.599937
homes:
  home:
    world: Unnamed
    x: 914.6973566740502
    y: 65.0
    z: 565.6294974670366
    yaw: 25.628601
    pitch: 33.899933
  moon:
    world: Unnamed
    x: 791.665465770039
    y: 214.0
    z: 406.5345166188703
    yaw: 333.00317
    pitch: -9.449973
logoutlocation:
  world: Unnamed
  x: -111.69999998807907
  y: 66.0
  z: 265.69999998807907
  yaw: 205.03514
  pitch: 88.499985
afk: false
