lastAccountName: GreenFireWitch
timestamps:
  login: 1615927166194
  logout: 1615927203858
  lastteleport: 1615927017685
  jail: 0
ipAddress: 62.201.254.95
logoutlocation:
  world: Unnamed
  x: 799.0708325071611
  y: 63.0
  z: 457.23335770024556
  yaw: 139.65031
  pitch: 13.799951
nickname: Mei
lastlocation:
  world: Unnamed
  x: 766.7340297626747
  y: 63.0
  z: 410.3053413401682
  yaw: 304.50015
  pitch: 18.14992
jailed: false
