lastAccountName: Kudli_76
timestamps:
  login: 1616574162597
  logout: 1616574351408
ipAddress: 94.112.227.86
logoutlocation:
  world: Unnamed
  x: -86.0
  y: 64.0
  z: 81.0
  yaw: -56.293808
  pitch: 11.148373
