lastAccountName: KingDark0101
timestamps:
  login: 1616358417712
  logout: 1616358466370
ipAddress: 68.80.27.6
logoutlocation:
  world: Unnamed
  x: -108.0164077453217
  y: 71.0
  z: 163.18872037834635
  yaw: 254.55075
  pitch: 58.35002
lastlocation:
  world: Unnamed
  x: -96.64188069319944
  y: 65.7531999805212
  z: 104.69999998807907
  yaw: 4.9500294
  pitch: 0.1499955
