lastAccountName: JerryTheHuman
timestamps:
  login: 1615645934190
  logout: 1615646236448
  lastteleport: 1615646096279
  jail: 0
ipAddress: 195.158.77.106
lastlocation:
  world: Unnamed
  x: -841.3963347478278
  y: 66.0
  z: -389.3326775026873
  yaw: 21.486298
  pitch: 28.349651
nickname: Jerry
logoutlocation:
  world: Unnamed
  x: -838.2228048409652
  y: 66.5
  z: -395.84620483161035
  yaw: 222.93481
  pitch: 5.6997404
homes:
  home:
    world: Unnamed
    x: -831.8302453708391
    y: 75.0
    z: -385.6756226862149
    yaw: 240.786
    pitch: 8.549685
  villagers:
    world: Unnamed
    x: -419.69999998807907
    y: 68.0
    z: 1465.699999988079
    yaw: -286.0154
    pitch: 12.137349
  farm:
    world: Unnamed
    x: 1428.7245457770005
    y: 77.0
    z: -2523.519809464812
    yaw: 335.5697
    pitch: 45.449913
jailed: false
